version = 'MMult_4x4_8';
MY_MMult = [
48 1.164126e+01 0.000000e+00 
96 1.179648e+01 0.000000e+00 
144 1.177903e+01 0.000000e+00 
192 1.167005e+01 0.000000e+00 
240 1.178014e+01 0.000000e+00 
288 1.166115e+01 0.000000e+00 
336 1.160387e+01 0.000000e+00 
384 1.151813e+01 0.000000e+00 
432 1.154045e+01 0.000000e+00 
480 1.151400e+01 0.000000e+00 
528 1.154494e+01 0.000000e+00 
576 1.150668e+01 0.000000e+00 
624 1.151902e+01 0.000000e+00 
672 1.150184e+01 0.000000e+00 
720 1.139654e+01 0.000000e+00 
768 1.085553e+01 0.000000e+00 
816 1.139409e+01 0.000000e+00 
864 1.136786e+01 0.000000e+00 
912 1.136559e+01 0.000000e+00 
960 1.126442e+01 0.000000e+00 
];
